0.1 7
0.1 10
0.3 19
0.3 22
0.7 15
0.7 19
0.9 8
0.9 11
1.05 14
1.05 17
1.2 15
1.2 19
1.35 14
1.35 17
1.9 7
1.9 10
2.05 12
2.05 15
2.2 14
2.2 17
2.35 12
2.35 15
2.625 19
2.875 15
3.1 10
3.1 14
3.3 12
3.3 15
3.5 10
3.5 14
4.1 10
4.2 19
4.2 22
4.6 15
4.6 19
6.0 -1

// multiply all time values by 6

0.1 7
0.1 10

0.3 19
0.3 22

0.7 15
0.7 19

1.0 8
1.0 11

1.15 14
1.15 17

1.3 15
1.3 19

1.45 14
1.45 17

2.0 7
2.0 10

2.15 12
2.15 15

2.3 14
2.3 17

2.45 12
2.45 15

2.725 19

2.975 15

3.2 10
3.2 14

3.4 12
3.4 15

3.6 10
3.6 14

4.2 10

4.3 19
4.3 22

4.7 15
4.7 19

6.0 -1

// multiply all time values by 6